ModelWeb Browser Results

msis model listing
Required input parameters
Year= 2009, Month=  1, Day= 27, Hour=23.00,
Time_type = Universal
Coordinate_type = Geographic
Latitude=   65.13, Longitude=  212.56, Height=   300.00
Prof. parameters: Start=     0.00 Stop=  1000.00 Step=     1.00

Optional input parameters:

Sunspot number(Rz12) =not specified
Ionospheric index(IG12) =not specified
Upper limit for Electron content = not specified
F peak model =  
Ne Topside =  
foF2 Storm model =  
Bottomside Thickness =  
F1 occurrence probability =  
D-Region Ne =  
Topside Te =  
Ion Composition =  

Selected output parameters:
1  Height, km
2  O, cm-3 
3  N2, cm-3
4  O2, cm-3
5  Mass_density, g/cm-3
6  Temperature_neutral, K
7  He, cm-3 
8  Ar, cm-3
9  H, cm-3
10  N, cm-3

1         2         3         4         5         6         7         8         9         10         
    0.0  0.000E+00  2.231E+19  5.985E+18 1.373E-03  254.3  1.497E+14  2.669E+17  0.000E+00  0.000E+00
    1.0  0.000E+00  1.971E+19  5.287E+18 1.212E-03  251.5  1.322E+14  2.357E+17  0.000E+00  0.000E+00
    2.0  0.000E+00  1.747E+19  4.687E+18 1.075E-03  247.4  1.172E+14  2.090E+17  0.000E+00  0.000E+00
    3.0  0.000E+00  1.550E+19  4.159E+18 9.539E-04  242.5  1.040E+14  1.855E+17  0.000E+00  0.000E+00
    4.0  0.000E+00  1.375E+19  3.688E+18 8.457E-04  237.2  9.225E+13  1.644E+17  0.000E+00  0.000E+00
    5.0  0.000E+00  1.215E+19  3.260E+18 7.477E-04  231.9  8.156E+13  1.454E+17  0.000E+00  0.000E+00
    6.0  0.000E+00  1.070E+19  2.871E+18 6.583E-04  227.0  7.181E+13  1.280E+17  0.000E+00  0.000E+00
    7.0  0.000E+00  9.370E+18  2.514E+18 5.765E-04  222.7  6.288E+13  1.121E+17  0.000E+00  0.000E+00
    8.0  0.000E+00  8.155E+18  2.188E+18 5.018E-04  219.2  5.473E+13  9.755E+16  0.000E+00  0.000E+00
    9.0  0.000E+00  7.050E+18  1.891E+18 4.338E-04  216.8  4.731E+13  8.433E+16  0.000E+00  0.000E+00
   10.0  0.000E+00  6.052E+18  1.624E+18 3.724E-04  215.7  4.061E+13  7.239E+16  0.000E+00  0.000E+00
   11.0  0.000E+00  5.161E+18  1.384E+18 3.175E-04  216.0  3.463E+13  6.173E+16  0.000E+00  0.000E+00
   12.0  0.000E+00  4.382E+18  1.175E+18 2.696E-04  217.4  2.940E+13  5.241E+16  0.000E+00  0.000E+00
   13.0  0.000E+00  3.715E+18  9.966E+17 2.286E-04  219.4  2.493E+13  4.444E+16  0.000E+00  0.000E+00
   14.0  0.000E+00  3.153E+18  8.458E+17 1.940E-04  221.5  2.116E+13  3.771E+16  0.000E+00  0.000E+00
   15.0  0.000E+00  2.684E+18  7.200E+17 1.651E-04  223.2  1.801E+13  3.210E+16  0.000E+00  0.000E+00
   16.0  0.000E+00  2.295E+18  6.156E+17 1.412E-04  224.3  1.540E+13  2.745E+16  0.000E+00  0.000E+00
   17.0  0.000E+00  1.969E+18  5.283E+17 1.211E-04  224.6  1.321E+13  2.355E+16  0.000E+00  0.000E+00
   18.0  0.000E+00  1.693E+18  4.543E+17 1.042E-04  224.4  1.136E+13  2.025E+16  0.000E+00  0.000E+00
   19.0  0.000E+00  1.458E+18  3.910E+17 8.968E-05  224.1  9.782E+12  1.744E+16  0.000E+00  0.000E+00
   20.0  0.000E+00  1.255E+18  3.366E+17 7.719E-05  223.6  8.419E+12  1.501E+16  0.000E+00  0.000E+00
   21.0  0.000E+00  1.079E+18  2.895E+17 6.639E-05  223.3  7.241E+12  1.291E+16  0.000E+00  0.000E+00
   22.0  0.000E+00  9.273E+17  2.488E+17 5.705E-05  223.2  6.223E+12  1.109E+16  0.000E+00  0.000E+00
   23.0  0.000E+00  7.964E+17  2.136E+17 4.900E-05  223.2  5.344E+12  9.526E+15  0.000E+00  0.000E+00
   24.0  0.000E+00  6.837E+17  1.834E+17 4.206E-05  223.3  4.588E+12  8.178E+15  0.000E+00  0.000E+00
   25.0  0.000E+00  5.868E+17  1.574E+17 3.610E-05  223.5  3.938E+12  7.019E+15  0.000E+00  0.000E+00
   26.0  0.000E+00  5.036E+17  1.351E+17 3.099E-05  223.8  3.380E+12  6.024E+15  0.000E+00  0.000E+00
   27.0  0.000E+00  4.323E+17  1.160E+17 2.660E-05  224.0  2.901E+12  5.171E+15  0.000E+00  0.000E+00
   28.0  0.000E+00  3.711E+17  9.955E+16 2.283E-05  224.4  2.490E+12  4.439E+15  0.000E+00  0.000E+00
   29.0  0.000E+00  3.187E+17  8.549E+16 1.961E-05  224.7  2.138E+12  3.812E+15  0.000E+00  0.000E+00
   30.0  0.000E+00  2.737E+17  7.344E+16 1.684E-05  224.9  1.837E+12  3.274E+15  0.000E+00  0.000E+00
   31.0  0.000E+00  2.353E+17  6.311E+16 1.447E-05  225.1  1.579E+12  2.814E+15  0.000E+00  0.000E+00
   32.0  0.000E+00  2.023E+17  5.427E+16 1.245E-05  225.3  1.357E+12  2.420E+15  0.000E+00  0.000E+00
   33.0  0.000E+00  1.740E+17  4.667E+16 1.070E-05  225.4  1.168E+12  2.081E+15  0.000E+00  0.000E+00
   34.0  0.000E+00  1.495E+17  4.010E+16 9.196E-06  225.8  1.003E+12  1.788E+15  0.000E+00  0.000E+00
   35.0  0.000E+00  1.283E+17  3.441E+16 7.892E-06  226.5  8.608E+11  1.534E+15  0.000E+00  0.000E+00
   36.0  0.000E+00  1.100E+17  2.951E+16 6.769E-06  227.6  7.383E+11  1.316E+15  0.000E+00  0.000E+00
   37.0  0.000E+00  9.434E+16  2.531E+16 5.804E-06  228.8  6.331E+11  1.128E+15  0.000E+00  0.000E+00
   38.0  0.000E+00  8.090E+16  2.170E+16 4.978E-06  230.3  5.429E+11  9.677E+14  0.000E+00  0.000E+00
   39.0  0.000E+00  6.941E+16  1.862E+16 4.271E-06  231.9  4.658E+11  8.303E+14  0.000E+00  0.000E+00
   40.0  0.000E+00  5.960E+16  1.599E+16 3.667E-06  233.6  4.000E+11  7.129E+14  0.000E+00  0.000E+00
   41.0  0.000E+00  5.123E+16  1.374E+16 3.152E-06  235.3  3.438E+11  6.128E+14  0.000E+00  0.000E+00
   42.0  0.000E+00  4.408E+16  1.183E+16 2.712E-06  237.0  2.958E+11  5.273E+14  0.000E+00  0.000E+00
   43.0  0.000E+00  3.799E+16  1.019E+16 2.337E-06  238.6  2.549E+11  4.544E+14  0.000E+00  0.000E+00
   44.0  0.000E+00  3.279E+16  8.797E+15 2.018E-06  240.1  2.201E+11  3.923E+14  0.000E+00  0.000E+00
   45.0  0.000E+00  2.836E+16  7.607E+15 1.745E-06  241.4  1.903E+11  3.392E+14  0.000E+00  0.000E+00
   46.0  0.000E+00  2.456E+16  6.590E+15 1.511E-06  242.4  1.648E+11  2.938E+14  0.000E+00  0.000E+00
   47.0  0.000E+00  2.131E+16  5.718E+15 1.311E-06  243.1  1.430E+11  2.549E+14  0.000E+00  0.000E+00
   48.0  0.000E+00  1.852E+16  4.968E+15 1.139E-06  243.6  1.243E+11  2.215E+14  0.000E+00  0.000E+00
   49.0  0.000E+00  1.611E+16  4.322E+15 9.912E-07  243.9  1.081E+11  1.927E+14  0.000E+00  0.000E+00
   50.0  0.000E+00  1.403E+16  3.763E+15 8.631E-07  244.0  9.414E+10  1.678E+14  0.000E+00  0.000E+00
   51.0  0.000E+00  1.222E+16  3.279E+15 7.521E-07  243.9  8.203E+10  1.462E+14  0.000E+00  0.000E+00
   52.0  0.000E+00  1.066E+16  2.859E+15 6.558E-07  243.7  7.153E+10  1.275E+14  0.000E+00  0.000E+00
   53.0  0.000E+00  9.297E+15  2.494E+15 5.720E-07  243.3  6.239E+10  1.112E+14  0.000E+00  0.000E+00
   54.0  0.000E+00  8.112E+15  2.176E+15 4.991E-07  242.8  5.444E+10  9.703E+13  0.000E+00  0.000E+00
   55.0  0.000E+00  7.078E+15  1.899E+15 4.355E-07  242.3  4.750E+10  8.466E+13  0.000E+00  0.000E+00
   56.0  0.000E+00  6.176E+15  1.657E+15 3.800E-07  241.6  4.144E+10  7.387E+13  0.000E+00  0.000E+00
   57.0  0.000E+00  5.388E+15  1.445E+15 3.315E-07  241.0  3.616E+10  6.445E+13  0.000E+00  0.000E+00
   58.0  0.000E+00  4.700E+15  1.261E+15 2.891E-07  240.3  3.154E+10  5.621E+13  0.000E+00  0.000E+00
   59.0  0.000E+00  4.098E+15  1.099E+15 2.521E-07  239.5  2.750E+10  4.902E+13  0.000E+00  0.000E+00
   60.0  0.000E+00  3.573E+15  9.584E+14 2.198E-07  238.8  2.397E+10  4.273E+13  0.000E+00  0.000E+00
   61.0  0.000E+00  3.113E+15  8.352E+14 1.916E-07  238.0  2.089E+10  3.724E+13  0.000E+00  0.000E+00
   62.0  0.000E+00  2.712E+15  7.276E+14 1.669E-07  237.2  1.820E+10  3.244E+13  0.000E+00  0.000E+00
   63.0  0.000E+00  2.362E+15  6.335E+14 1.453E-07  236.5  1.586E+10  2.823E+13  0.000E+00  0.000E+00
   64.0  0.000E+00  2.055E+15  5.512E+14 1.264E-07  235.7  1.382E+10  2.454E+13  0.000E+00  0.000E+00
   65.0  0.000E+00  1.788E+15  4.794E+14 1.100E-07  235.0  1.204E+10  2.132E+13  0.000E+00  0.000E+00
   66.0  0.000E+00  1.555E+15  4.168E+14 9.563E-08  234.3  1.049E+10  1.851E+13  0.000E+00  0.000E+00
   67.0  0.000E+00  1.351E+15  3.621E+14 8.310E-08  233.7  9.125E+09  1.606E+13  0.000E+00  0.000E+00
   68.0  0.000E+00  1.173E+15  3.145E+14 7.217E-08  233.1  7.937E+09  1.393E+13  0.000E+00  0.000E+00
   69.0  0.000E+00  1.019E+15  2.729E+14 6.264E-08  232.6  6.900E+09  1.208E+13  0.000E+00  0.000E+00
   70.0  0.000E+00  8.837E+14  2.368E+14 5.435E-08  232.1  5.995E+09  1.046E+13  0.000E+00  0.000E+00
   71.0  0.000E+00  7.663E+14  2.053E+14 4.713E-08  231.7  5.206E+09  9.062E+12  0.000E+00  0.000E+00
   72.0  0.000E+00  6.642E+14  1.779E+14 4.084E-08  231.3  4.518E+09  7.843E+12  0.000E+00  0.000E+00
   73.0  2.043E+07  5.771E+14  1.545E+14 3.548E-08  231.1  3.933E+09  6.807E+12  2.721E+03  2.884E+04
   74.0  4.501E+07  5.002E+14  1.339E+14 3.075E-08  230.7  3.416E+09  5.894E+12  9.582E+03  3.144E+04
   75.0  9.781E+07  4.337E+14  1.160E+14 2.666E-08  230.1  2.970E+09  5.104E+12  4.603E+04  3.434E+04
   76.0  2.084E+08  3.761E+14  1.006E+14 2.312E-08  229.5  2.583E+09  4.421E+12  2.634E+05  3.754E+04
   77.0  4.332E+08  3.263E+14  8.724E+13 2.005E-08  228.6  2.249E+09  3.830E+12  1.465E+06  4.108E+04
   78.0  8.744E+08  2.831E+14  7.565E+13 1.740E-08  227.6  1.959E+09  3.319E+12  6.543E+06  4.499E+04
   79.0  1.707E+09  2.456E+14  6.561E+13 1.509E-08  226.5  1.707E+09  2.875E+12  2.103E+07  4.931E+04
   80.0  3.212E+09  2.131E+14  5.689E+13 1.309E-08  225.2  1.489E+09  2.490E+12  4.795E+07  5.407E+04
   81.0  5.814E+09  1.849E+14  4.931E+13 1.136E-08  223.8  1.299E+09  2.155E+12  8.146E+07  5.931E+04
   82.0  1.010E+10  1.603E+14  4.273E+13 9.846E-09  222.2  1.135E+09  1.865E+12  1.106E+08  6.506E+04
   83.0  1.683E+10  1.390E+14  3.701E+13 8.534E-09  220.5  9.913E+08  1.613E+12  1.283E+08  7.136E+04
   84.0  2.689E+10  1.205E+14  3.204E+13 7.394E-09  218.6  8.668E+08  1.394E+12  1.339E+08  7.824E+04
   85.0  4.118E+10  1.043E+14  2.771E+13 6.401E-09  216.6  7.585E+08  1.203E+12  1.305E+08  8.575E+04
   86.0  6.050E+10  9.027E+13  2.395E+13 5.538E-09  214.5  6.642E+08  1.038E+12  1.220E+08  9.392E+04
   87.0  8.538E+10  7.805E+13  2.067E+13 4.788E-09  212.3  5.822E+08  8.939E+11  1.110E+08  1.028E+05
   88.0  1.159E+11  6.743E+13  1.782E+13 4.135E-09  209.9  5.109E+08  7.687E+11  9.954E+07  1.124E+05
   89.0  1.515E+11  5.818E+13  1.535E+13 3.567E-09  207.4  4.489E+08  6.600E+11  8.851E+07  1.227E+05
   90.0  1.913E+11  5.014E+13  1.319E+13 3.074E-09  204.8  3.950E+08  5.655E+11  7.841E+07  1.339E+05
   91.0  2.335E+11  4.315E+13  1.132E+13 2.645E-09  202.2  3.481E+08  4.835E+11  6.939E+07  1.458E+05
   92.0  2.761E+11  3.706E+13  9.691E+12 2.272E-09  199.5  3.072E+08  4.122E+11  6.146E+07  1.586E+05
   93.0  3.169E+11  3.176E+13  8.273E+12 1.947E-09  196.9  2.717E+08  3.502E+11  5.453E+07  1.721E+05
   94.0  3.537E+11  2.715E+13  7.039E+12 1.665E-09  194.5  2.406E+08  2.964E+11  4.851E+07  1.863E+05
   95.0  3.847E+11  2.313E+13  5.968E+12 1.419E-09  192.3  2.136E+08  2.497E+11  4.329E+07  2.011E+05
   96.0  4.085E+11  1.965E+13  5.041E+12 1.206E-09  190.3  1.901E+08  2.094E+11  3.876E+07  2.166E+05
   97.0  4.245E+11  1.664E+13  4.240E+12 1.022E-09  188.7  1.696E+08  1.747E+11  3.484E+07  2.328E+05
   98.0  4.323E+11  1.405E+13  3.552E+12 8.627E-10  187.6  1.518E+08  1.450E+11  3.143E+07  2.495E+05
   99.0  4.325E+11  1.182E+13  2.964E+12 7.262E-10  186.8  1.364E+08  1.196E+11  2.846E+07  2.669E+05
  100.0  4.257E+11  9.913E+12  2.462E+12 6.094E-10  186.6  1.231E+08  9.820E+10  2.587E+07  2.850E+05
  101.0  4.131E+11  8.292E+12  2.038E+12 5.100E-10  186.9  1.115E+08  8.017E+10  2.359E+07  3.038E+05
  102.0  3.960E+11  6.921E+12  1.680E+12 4.258E-10  187.9  1.015E+08  6.512E+10  2.158E+07  3.235E+05
  103.0  3.756E+11  5.766E+12  1.382E+12 3.549E-10  189.4  9.289E+07  5.267E+10  1.980E+07  3.443E+05
  104.0  3.531E+11  4.798E+12  1.133E+12 2.954E-10  191.5  8.540E+07  4.243E+10  1.821E+07  3.665E+05
  105.0  3.295E+11  3.990E+12  9.278E+11 2.457E-10  194.2  7.890E+07  3.407E+10  1.678E+07  3.900E+05
  106.0  3.055E+11  3.316E+12  7.584E+11 2.044E-10  197.6  7.323E+07  2.728E+10  1.550E+07  4.151E+05
  107.0  2.816E+11  2.757E+12  6.194E+11 1.700E-10  201.7  6.826E+07  2.180E+10  1.432E+07  4.420E+05
  108.0  2.585E+11  2.293E+12  5.056E+11 1.415E-10  206.6  6.388E+07  1.740E+10  1.325E+07  4.706E+05
  109.0  2.363E+11  1.909E+12  4.127E+11 1.179E-10  212.3  5.998E+07  1.388E+10  1.225E+07  5.009E+05
  110.0  2.152E+11  1.591E+12  3.369E+11 9.828E-11  219.1  5.649E+07  1.107E+10  1.133E+07  5.329E+05
  111.0  1.953E+11  1.327E+12  2.753E+11 8.208E-11  226.9  5.335E+07  8.836E+09  1.048E+07  5.666E+05
  112.0  1.769E+11  1.109E+12  2.253E+11 6.868E-11  235.9  5.051E+07  7.063E+09  9.674E+06  6.018E+05
  113.0  1.599E+11  9.292E+11  1.847E+11 5.763E-11  246.1  4.795E+07  5.660E+09  8.928E+06  6.389E+05
  114.0  1.443E+11  7.809E+11  1.520E+11 4.850E-11  257.5  4.565E+07  4.552E+09  8.233E+06  6.779E+05
  115.0  1.302E+11  6.586E+11  1.255E+11 4.098E-11  270.0  4.360E+07  3.677E+09  7.589E+06  7.191E+05
  116.0  1.175E+11  5.577E+11  1.041E+11 3.477E-11  283.7  4.178E+07  2.985E+09  6.992E+06  7.628E+05
  117.0  1.061E+11  4.745E+11  8.677E+10 2.965E-11  298.4  4.020E+07  2.437E+09  6.443E+06  8.095E+05
  118.0  9.603E+10  4.060E+11  7.278E+10 2.542E-11  313.9  3.885E+07  2.004E+09  5.940E+06  8.598E+05
  119.0  8.714E+10  3.495E+11  6.146E+10 2.193E-11  329.9  3.776E+07  1.659E+09  5.482E+06  9.149E+05
  120.0  7.938E+10  3.030E+11  5.230E+10 1.906E-11  345.9  3.693E+07  1.386E+09  5.068E+06  9.761E+05
  121.0  7.270E+10  2.648E+11  4.491E+10 1.670E-11  361.3  3.638E+07  1.168E+09  4.699E+06  1.045E+06
  122.0  6.704E+10  2.337E+11  3.894E+10 1.478E-11  375.4  3.614E+07  9.949E+08  4.372E+06  1.125E+06
  123.0  6.243E+10  2.087E+11  3.420E+10 1.323E-11  386.4  3.625E+07  8.583E+08  4.092E+06  1.221E+06
  124.0  5.835E+10  1.873E+11  3.022E+10 1.191E-11  396.5  3.660E+07  7.449E+08  3.838E+06  1.327E+06
  125.0  5.465E+10  1.688E+11  2.681E+10 1.076E-11  406.3  3.711E+07  6.491E+08  3.604E+06  1.442E+06
  126.0  5.127E+10  1.526E+11  2.388E+10 9.759E-12  415.8  3.777E+07  5.678E+08  3.389E+06  1.567E+06
  127.0  4.818E+10  1.383E+11  2.134E+10 8.876E-12  424.9  3.855E+07  4.984E+08  3.189E+06  1.702E+06
  128.0  4.535E+10  1.258E+11  1.913E+10 8.096E-12  433.8  3.941E+07  4.390E+08  3.005E+06  1.847E+06
  129.0  4.275E+10  1.146E+11  1.721E+10 7.404E-12  442.5  4.030E+07  3.878E+08  2.834E+06  2.002E+06
  130.0  4.035E+10  1.048E+11  1.553E+10 6.789E-12  450.8  4.119E+07  3.435E+08  2.675E+06  2.169E+06
  131.0  3.814E+10  9.593E+10  1.404E+10 6.239E-12  458.9  4.204E+07  3.051E+08  2.528E+06  2.346E+06
  132.0  3.610E+10  8.804E+10  1.274E+10 5.746E-12  466.7  4.281E+07  2.717E+08  2.391E+06  2.535E+06
  133.0  3.420E+10  8.096E+10  1.158E+10 5.303E-12  474.3  4.347E+07  2.425E+08  2.264E+06  2.735E+06
  134.0  3.244E+10  7.458E+10  1.055E+10 4.903E-12  481.6  4.400E+07  2.170E+08  2.145E+06  2.947E+06
  135.0  3.081E+10  6.883E+10  9.627E+09 4.542E-12  488.7  4.440E+07  1.945E+08  2.035E+06  3.170E+06
  136.0  2.928E+10  6.362E+10  8.806E+09 4.215E-12  495.6  4.467E+07  1.747E+08  1.932E+06  3.405E+06
  137.0  2.786E+10  5.890E+10  8.069E+09 3.917E-12  502.3  4.481E+07  1.572E+08  1.836E+06  3.652E+06
  138.0  2.654E+10  5.460E+10  7.407E+09 3.646E-12  508.8  4.483E+07  1.418E+08  1.747E+06  3.910E+06
  139.0  2.530E+10  5.069E+10  6.810E+09 3.399E-12  515.0  4.475E+07  1.280E+08  1.663E+06  4.179E+06
  140.0  2.413E+10  4.712E+10  6.271E+09 3.172E-12  521.1  4.459E+07  1.158E+08  1.585E+06  4.459E+06
  141.0  2.304E+10  4.386E+10  5.782E+09 2.965E-12  526.9  4.435E+07  1.049E+08  1.512E+06  4.750E+06
  142.0  2.202E+10  4.087E+10  5.339E+09 2.775E-12  532.6  4.405E+07  9.517E+07  1.444E+06  5.050E+06
  143.0  2.106E+10  3.812E+10  4.936E+09 2.600E-12  538.1  4.370E+07  8.646E+07  1.380E+06  5.360E+06
  144.0  2.015E+10  3.560E+10  4.569E+09 2.438E-12  543.5  4.331E+07  7.864E+07  1.320E+06  5.679E+06
  145.0  1.930E+10  3.327E+10  4.234E+09 2.289E-12  548.6  4.290E+07  7.163E+07  1.264E+06  6.006E+06
  146.0  1.849E+10  3.113E+10  3.928E+09 2.151E-12  553.6  4.247E+07  6.531E+07  1.212E+06  6.341E+06
  147.0  1.773E+10  2.915E+10  3.648E+09 2.024E-12  558.5  4.203E+07  5.963E+07  1.163E+06  6.682E+06
  148.0  1.701E+10  2.732E+10  3.391E+09 1.906E-12  563.2  4.158E+07  5.449E+07  1.117E+06  7.029E+06
  149.0  1.633E+10  2.563E+10  3.155E+09 1.796E-12  567.7  4.113E+07  4.985E+07  1.073E+06  7.381E+06
